-1.57079632679 -1.00388482185
-1.4398966329 -0.96377503049
-1.308996939 -0.918430796045
-1.1780972451 -0.866984013943
-1.0471975512 -0.80844879263
-0.916297857297 -0.741746821565
-0.785398163397 -0.665773750028
-0.654498469498 -0.57953109179
-0.523598775598 -0.482347907101
-0.392699081699 -0.374196680523
-0.261799387799 -0.256052769981
-0.1308996939 -0.130159643833
0.0 0.0
0.1308996939 0.130159643833
0.261799387799 0.256052769981
0.392699081699 0.374196680523
0.523598775598 0.482347907101
0.654498469498 0.57953109179
0.785398163397 0.665773750028
0.916297857297 0.741746821565
1.0471975512 0.80844879263
1.1780972451 0.866984013943
1.308996939 0.918430796045
1.4398966329 0.96377503049
1.57079632679 1.00388482185
