1.000000 0.000000
0.990042 0.099335
0.970315 0.196693
0.941113 0.291120
0.902823 0.381707
0.855915 0.467588
0.800943 0.547955
0.738536 0.622060
0.669388 0.689228
0.594258 0.748859
0.513951 0.800432
0.429322 0.843515
0.341256 0.877761
0.250664 0.902919
0.158476 0.918827
0.065626 0.925419
-0.026955 0.922723
-0.118345 0.910856
-0.207647 0.890030
-0.293991 0.860540
-0.376545 0.822766
-0.454525 0.777169
-0.527199 0.724279
-0.593896 0.664696
-0.654010 0.599082
-0.707007 0.528150
-0.752430 0.452659
-0.789902 0.373409
-0.819129 0.291225
-0.839900 0.206956
-0.852094 0.121463
-0.855675 0.035610
-0.850691 -0.049743
-0.837278 -0.133752
-0.815654 -0.215591
-0.786115 -0.294467
-0.749036 -0.369624
-0.704860 -0.440349
-0.654098 -0.505981
-0.597322 -0.565918
-0.535158 -0.619617
-0.468279 -0.666607
-0.397398 -0.706486
-0.323261 -0.738926
-0.246640 -0.763679
-0.168324 -0.780574
-0.089109 -0.789521
-0.009794 -0.790510
0.068829 -0.783611
0.145984 -0.768970
0.220916 -0.746811
0.292901 -0.717429
0.361251 -0.681189
0.425319 -0.638521
0.484512 -0.589913
0.538286 -0.535909
0.586160 -0.477101
0.627716 -0.414123
0.662602 -0.347645
0.690537 -0.278363
0.711312 -0.206996
0.724790 -0.134276
0.730911 -0.060942
0.729686 0.012271
0.721200 0.084632
0.705611 0.155430
0.683145 0.223974
0.654093 0.289605
0.618811 0.351695
0.577713 0.409663
0.531266 0.462971
0.479986 0.511134
0.424432 0.553723
0.365201 0.590370
0.302920 0.620769
0.238239 0.644677
0.171827 0.661923
0.104363 0.672400
0.036531 0.676071
-0.030991 0.672967
-0.097532 0.663187
-0.162438 0.646894
-0.225080 0.624316
-0.284856 0.595740
-0.341197 0.561511
-0.393577 0.522027
-0.441514 0.477732
-0.484573 0.429117
-0.522373 0.376708
-0.554592 0.321066
-0.580962 0.262778
-0.601280 0.202451
-0.615403 0.140707
-0.623252 0.078174
-0.624810 0.015485
-0.620126 -0.046735
-0.609308 -0.107871
-0.592525 -0.167322
-0.570004 -0.224515
-0.542025 -0.278901
-0.508923 -0.329965
-0.471077 -0.377234
-0.428913 -0.420272
-0.382894 -0.458693
-0.333517 -0.492160
-0.281306 -0.520389
-0.226812 -0.543150
-0.170599 -0.560272
-0.113245 -0.571639
-0.055334 -0.577196
0.002553 -0.576944
0.059839 -0.570945
0.115958 -0.559315
0.170363 -0.542227
0.222529 -0.519904
0.271958 -0.492621
0.318184 -0.460700
0.360780 -0.424506
0.399355 -0.384440
0.433567 -0.340941
0.463117 -0.294477
0.487757 -0.245541
0.507291 -0.194644
0.521574 -0.142314
0.530517 -0.089086
0.534083 -0.035500
0.532291 0.017907
0.525211 0.070604
0.512967 0.122073
0.495733 0.171814
0.473729 0.219346
0.447222 0.264220
0.416522 0.306014
0.381976 0.344342
0.343967 0.378857
0.302908 0.409252
0.259238 0.435266
0.213419 0.456683
0.165929 0.473335
0.117257 0.485104
0.067902 0.491921
0.018360 0.493767
-0.030871 0.490674
-0.079305 0.482721
-0.126467 0.470036
-0.171899 0.452793
-0.215165 0.431208
-0.255857 0.405540
-0.293593 0.376086
-0.328028 0.343177
-0.358851 0.307174
-0.385791 0.268469
-0.408617 0.227472
-0.427144 0.184617
-0.441230 0.140348
-0.450777 0.095120
-0.455737 0.049395
-0.456105 0.003632
-0.451924 -0.041711
-0.443280 -0.086188
-0.430304 -0.129363
-0.413169 -0.170820
-0.392086 -0.210161
-0.367305 -0.247016
-0.339109 -0.281042
-0.307815 -0.311929
-0.273764 -0.339400
-0.237323 -0.363214
-0.198880 -0.383172
-0.158837 -0.399112
-0.117609 -0.410916
-0.075619 -0.418506
-0.033294 -0.421850
0.008943 -0.420957
0.050670 -0.415876
0.091476 -0.406701
0.130965 -0.393564
0.168756 -0.376636
0.204489 -0.356122
0.237828 -0.332262
0.268465 -0.305329
0.296121 -0.275620
0.320551 -0.243460
0.341543 -0.209193
0.358922 -0.173183
0.372551 -0.135804
0.382331 -0.097444
0.388204 -0.058495
0.390148 -0.019350
0.388185 0.019598
0.382373 0.057964
0.372807 0.095370
0.359621 0.131453
0.342982 0.165867
0.323090 0.198285
0.300175 0.228405
0.274497 0.255949
0.246339 0.280667
0.216006 0.302342
0.183821 0.320788
0.150125 0.335854
0.115268 0.347422
0.079609 0.355412
0.043511 0.359781
0.007338 0.360520
-0.028547 0.357659
-0.063791 0.351262
-0.098049 0.341427
-0.130988 0.328287
-0.162294 0.312006
-0.191671 0.292777
-0.218846 0.270822
-0.243568 0.246386
-0.265618 0.219737
-0.284800 0.191164
-0.300954 0.160969
-0.313946 0.129471
-0.323681 0.096996
-0.330093 0.063877
-0.333151 0.030451
-0.332858 -0.002946
-0.329251 -0.035982
-0.322398 -0.068330
-0.312399 -0.099675
-0.299387 -0.129714
-0.283521 -0.158162
-0.264986 -0.184751
-0.243995 -0.209234
-0.220781 -0.231387
-0.195597 -0.251014
-0.168715 -0.267944
-0.140418 -0.282036
-0.111004 -0.293175
-0.080775 -0.301282
-0.050043 -0.306306
-0.019118 -0.308227
0.011691 -0.307056
0.042076 -0.302837
0.071739 -0.295642
0.100393 -0.285571
0.127760 -0.272755
0.153582 -0.257348
0.177617 -0.239529
0.199641 -0.219500
0.219457 -0.197482
0.236889 -0.173716
0.251786 -0.148454
0.264025 -0.121965
0.273512 -0.094523
0.280177 -0.066412
0.283984 -0.037919
0.284923 -0.009332
0.283013 0.019064
0.278301 0.046987
0.270862 0.074164
0.260797 0.100332
0.248233 0.125239
0.233321 0.148650
0.216231 0.170347
0.197156 0.190130
0.176306 0.207821
0.153906 0.223265
0.130195 0.236330
0.105423 0.246910
0.079846 0.254923
0.053728 0.260316
0.027334 0.263061
0.000931 0.263157
-0.025219 0.260628
-0.050858 0.255528
-0.075734 0.247931
-0.099608 0.237939
-0.122252 0.225675
-0.143452 0.211284
-0.163012 0.194930
-0.180752 0.176796
-0.196514 0.157080
-0.210160 0.135995
-0.221577 0.113764
-0.230671 0.090621
-0.237376 0.066805
-0.241648 0.042559
-0.243469 0.018131
-0.242846 -0.006234
-0.239808 -0.030295
-0.234410 -0.053815
-0.226730 -0.076564
-0.216867 -0.098324
-0.204940 -0.118888
-0.191089 -0.138062
-0.175472 -0.155669
-0.158261 -0.171549
-0.139644 -0.185562
-0.119821 -0.197585
-0.099000 -0.207520
-0.077400 -0.215288
-0.055244 -0.220833
-0.032757 -0.224121
-0.010168 -0.225143
0.012298 -0.223911
0.034418 -0.220460
0.055975 -0.214845
0.076759 -0.207145
0.096572 -0.197458
0.115225 -0.185898
0.132543 -0.172601
0.148369 -0.157716
0.162558 -0.141407
0.174986 -0.123851
0.185546 -0.105235
0.194152 -0.085756
0.200737 -0.065616
0.205256 -0.045022
0.207685 -0.024185
0.208019 -0.003313
0.206276 0.017383
0.202495 0.037701
0.196734 0.057440
0.189069 0.076411
0.179596 0.094431
0.168427 0.111331
0.155690 0.126953
0.141529 0.141155
0.126098 0.153808
0.109564 0.164802
0.092102 0.174044
0.073896 0.181460
0.055135 0.186994
0.036010 0.190608
0.016718 0.192287
-0.002550 0.192033
-0.021600 0.189867
-0.040246 0.185831
-0.058304 0.179983
-0.075602 0.172398
-0.091975 0.163172
-0.107268 0.152410
-0.121339 0.140237
-0.134061 0.126787
-0.145321 0.112208
-0.155020 0.096655
-0.163077 0.080293
-0.169429 0.063294
-0.174029 0.045834
-0.176849 0.028090
-0.177878 0.010243
-0.177124 -0.007529
-0.174613 -0.025049
-0.170386 -0.042144
-0.164502 -0.058650
-0.157038 -0.074407
-0.148083 -0.089265
-0.137741 -0.103086
-0.126129 -0.115742
-0.113376 -0.127119
-0.099619 -0.137115
-0.085007 -0.145646
-0.069693 -0.152639
-0.053836 -0.158042
-0.037601 -0.161816
-0.021152 -0.163940
-0.004657 -0.164409
0.011721 -0.163234
0.027820 -0.160444
0.043480 -0.156083
0.058552 -0.150209
0.072890 -0.142897
0.086359 -0.134233
0.098833 -0.124318
0.110198 -0.113263
0.120352 -0.101188
0.129205 -0.088225
0.136682 -0.074512
0.142722 -0.060193
0.147280 -0.045416
0.150325 -0.030333
0.151841 -0.015099
0.151829 0.000135
0.150304 0.015216
0.147295 0.029994
0.142849 0.044327
0.137023 0.058076
0.129890 0.071109
0.121533 0.083303
0.112047 0.094546
0.101540 0.104735
0.090125 0.113779
0.077925 0.121598
0.065070 0.128128
0.051694 0.133316
0.037936 0.137123
0.023937 0.139526
0.009839 0.140514
-0.004217 0.140092
-0.018091 0.138278
-0.031647 0.135104
-0.044752 0.130615
-0.057281 0.124869
-0.069115 0.117935
-0.080142 0.109895
-0.090260 0.100840
-0.099378 0.090870
-0.107415 0.080093
-0.114302 0.068625
-0.119980 0.056588
-0.124407 0.044106
-0.127549 0.031309
-0.129389 0.018327
-0.129921 0.005291
-0.129153 -0.007667
-0.127105 -0.020420
-0.123811 -0.032843
-0.119315 -0.044815
-0.113675 -0.056221
-0.106959 -0.066953
-0.099243 -0.076911
-0.090615 -0.086003
-0.081169 -0.094148
-0.071008 -0.101273
-0.060241 -0.107319
-0.048981 -0.112234
-0.037344 -0.115982
-0.025451 -0.118536
-0.013423 -0.119884
-0.001380 -0.120024
0.010556 -0.118966
0.022268 -0.116732
0.033642 -0.113358
0.044568 -0.108887
0.054940 -0.103376
0.064662 -0.096889
0.073642 -0.089500
0.081800 -0.081294
0.089060 -0.072359
0.095361 -0.062791
0.100649 -0.052693
0.104881 -0.042170
0.108026 -0.031332
0.110062 -0.020289
0.110982 -0.009154
0.110786 0.001961
0.109488 0.012947
0.107111 0.023694
0.103691 0.034098
0.099271 0.044059
0.093906 0.053481
0.087658 0.062277
0.080599 0.070364
0.072807 0.077670
0.064366 0.084128
0.055369 0.089685
0.045908 0.094292
0.036085 0.097913
0.025999 0.100522
0.015755 0.102104
0.005455 0.102652
-0.004796 0.102172
-0.014898 0.100678
-0.024750 0.098195
-0.034258 0.094759
-0.043330 0.090412
-0.051879 0.085208
-0.059827 0.079206
-0.067099 0.072474
-0.073630 0.065087
-0.079362 0.057125
-0.084246 0.048672
-0.088242 0.039819
-0.091319 0.030657
-0.093455 0.021280
-0.094638 0.011785
-0.094866 0.002267
-0.094147 -0.007179
-0.092496 -0.016460
-0.089940 -0.025484
-0.086513 -0.034165
-0.082258 -0.042418
-0.077225 -0.050167
-0.071472 -0.057339
-0.065065 -0.063867
-0.058073 -0.069694
-0.050571 -0.074769
-0.042640 -0.079048
-0.034363 -0.082497
-0.025826 -0.085089
-0.017117 -0.086807
-0.008323 -0.087642
0.000465 -0.087597
0.009162 -0.086678
0.017681 -0.084905
0.025939 -0.082303
0.033856 -0.078906
0.041358 -0.074758
0.048372 -0.069905
0.054834 -0.064404
0.060686 -0.058315
0.065874 -0.051706
0.070354 -0.044648
0.074089 -0.037214
0.077048 -0.029484
0.079209 -0.021537
0.080560 -0.013454
0.081094 -0.005318
0.080815 0.002791
0.079733 0.010791
0.077867 0.018603
0.075243 0.026153
0.071896 0.033367
0.067866 0.040177
0.063199 0.046518
0.057949 0.052333
0.052173 0.057568
0.045935 0.062177
0.039301 0.066121
0.032342 0.069366
0.025129 0.071888
0.017738 0.073669
0.010243 0.074697
0.002721 0.074971
-0.004753 0.074494
-0.012106 0.073280
-0.019265 0.071348
-0.026160 0.068724
-0.032726 0.065441
-0.038901 0.061538
-0.044627 0.057061
-0.049850 0.052060
-0.054525 0.046590
-0.058610 0.040709
-0.062071 0.034482
-0.064878 0.027973
-0.067010 0.021249
-0.068454 0.014381
-0.069201 0.007438
-0.069250 0.000490
-0.068610 -0.006394
-0.067291 -0.013146
-0.065315 -0.019699
-0.062708 -0.025991
-0.059502 -0.031961
-0.055734 -0.037554
-0.051449 -0.042716
-0.046693 -0.047401
-0.041520 -0.051568
-0.035984 -0.055178
-0.030144 -0.058203
-0.024062 -0.060618
-0.017801 -0.062405
-0.011425 -0.063552
-0.004998 -0.064054
0.001415 -0.063912
0.007749 -0.063135
0.013944 -0.061737
0.019937 -0.059737
0.025673 -0.057161
0.031095 -0.054042
0.036154 -0.050415
0.040802 -0.046322
0.044997 -0.041807
0.048702 -0.036921
0.051884 -0.031716
0.054518 -0.026246
0.056582 -0.020569
0.058062 -0.014743
0.058948 -0.008829
0.059238 -0.002885
0.058935 0.003028
0.058047 0.008852
0.056590 0.014530
0.054583 0.020007
0.052052 0.025230
0.049028 0.030149
0.045545 0.034719
0.041642 0.038897
0.037364 0.042647
0.032755 0.045933
0.027866 0.048730
0.022748 0.051013
0.017454 0.052764
0.012039 0.053973
0.006558 0.054631
0.001066 0.054738
-0.004383 0.054299
-0.009733 0.053323
-0.014933 0.051825
-0.019932 0.049826
-0.024683 0.047350
-0.029141 0.044426
-0.033264 0.041089
-0.037014 0.037376
-0.040358 0.033327
-0.043267 0.028986
-0.045715 0.024399
-0.047684 0.019615
-0.049157 0.014683
-0.050126 0.009654
-0.050586 0.004578
-0.050537 -0.000492
-0.049985 -0.005507
-0.048940 -0.010418
-0.047418 -0.015176
-0.045438 -0.019735
-0.043025 -0.024052
-0.040208 -0.028086
-0.037017 -0.031801
-0.033490 -0.035161
-0.029663 -0.038138
-0.025580 -0.040704
-0.021281 -0.042840
-0.016814 -0.044527
-0.012223 -0.045754
-0.007557 -0.046513
-0.002861 -0.046800
0.001816 -0.046618
0.006429 -0.045974
0.010932 -0.044877
0.015281 -0.043344
0.019434 -0.041395
0.023353 -0.039052
0.027000 -0.036343
0.030341 -0.033300
0.033347 -0.029954
0.035990 -0.026343
0.038248 -0.022506
0.040103 -0.018482
0.041540 -0.014314
0.042548 -0.010046
0.043122 -0.005719
0.043261 -0.001378
0.042967 0.002933
0.042248 0.007172
0.041115 0.011297
0.039583 0.015268
0.037672 0.019048
0.035405 0.022601
0.032807 0.025893
0.029908 0.028894
0.026740 0.031577
0.023337 0.033919
0.019736 0.035899
0.015973 0.037502
0.012089 0.038716
0.008122 0.039531
0.004115 0.039944
0.000106 0.039955
-0.003864 0.039568
-0.007756 0.038790
-0.011532 0.037633
-0.015156 0.036113
-0.018592 0.034248
-0.021809 0.032060
-0.024776 0.029574
-0.027467 0.026818
-0.029858 0.023823
-0.031927 0.020620
-0.033657 0.017243
-0.035035 0.013728
-0.036050 0.010111
-0.036695 0.006429
-0.036968 0.002720
-0.036870 -0.000979
-0.036406 -0.004632
-0.035583 -0.008202
-0.034414 -0.011655
-0.032913 -0.014958
-0.031100 -0.018078
-0.028994 -0.020988
-0.026621 -0.023659
-0.024006 -0.026067
-0.021177 -0.028192
-0.018166 -0.030015
-0.015003 -0.031521
-0.011723 -0.032697
-0.008358 -0.033536
-0.004943 -0.034033
-0.001513 -0.034185
0.001897 -0.033995
0.005255 -0.033468
0.008528 -0.032612
0.011682 -0.031440
0.014689 -0.029967
0.017519 -0.028209
0.020147 -0.026188
0.022548 -0.023926
0.024700 -0.021448
0.026585 -0.018781
0.028186 -0.015953
0.029490 -0.012994
0.030487 -0.009935
0.031170 -0.006808
0.031536 -0.003644
0.031584 -0.000475
0.031316 0.002667
0.030740 0.005751
0.029862 0.008748
0.028696 0.011627
0.027255 0.014362
0.025557 0.016926
0.023621 0.019296
0.021469 0.021450
0.019125 0.023369
0.016613 0.025037
0.013960 0.026437
0.011195 0.027561
0.008346 0.028398
0.005442 0.028945
0.002512 0.029197
-0.000413 0.029156
-0.003305 0.028824
-0.006136 0.028209
-0.008877 0.027319
-0.011502 0.026165
-0.013986 0.024762
-0.016307 0.023126
-0.018442 0.021276
-0.020371 0.019232
-0.022079 0.017017
-0.023550 0.014654
-0.024771 0.012169
-0.025733 0.009587
-0.026429 0.006935
-0.026855 0.004241
-0.027008 0.001531
-0.026892 -0.001167
-0.026508 -0.003827
-0.025864 -0.006422
-0.024968 -0.008927
-0.023833 -0.011318
-0.022471 -0.013573
-0.020899 -0.015670
-0.019134 -0.017590
-0.017197 -0.019316
-0.015107 -0.020832
-0.012887 -0.022125
-0.010561 -0.023184
-0.008153 -0.024003
-0.005687 -0.024573
-0.003189 -0.024894
-0.000685 -0.024963
0.001802 -0.024782
0.004245 -0.024356
0.006623 -0.023692
0.008910 -0.022798
0.011086 -0.021686
0.013130 -0.020369
0.015022 -0.018862
0.016747 -0.017182
0.018286 -0.015347
0.019629 -0.013378
0.020762 -0.011295
0.021678 -0.009120
0.022368 -0.006876
0.022828 -0.004585
0.023056 -0.002272
0.023052 0.000041
0.022818 0.002330
0.022360 0.004574
0.021683 0.006749
0.020796 0.008836
0.019711 0.010814
0.018441 0.012664
0.016999 0.014370
0.015403 0.015916
0.013668 0.017287
0.011815 0.018473
0.009862 0.019462
0.007831 0.020248
0.005741 0.020824
0.003616 0.021187
0.001475 0.021335
-0.000659 0.021270
-0.002765 0.020992
-0.004823 0.020508
-0.006812 0.019825
-0.008714 0.018951
-0.010510 0.017897
-0.012183 0.016675
-0.013718 0.015298
-0.015101 0.013783
-0.016320 0.012146
-0.017364 0.010404
-0.018224 0.008575
-0.018895 0.006680
-0.019370 0.004736
-0.019647 0.002765
-0.019726 0.000786
-0.019608 -0.001182
-0.019295 -0.003118
-0.018794 -0.005003
-0.018109 -0.006820
-0.017252 -0.008551
-0.016230 -0.010180
-0.015058 -0.011691
-0.013746 -0.013070
-0.012311 -0.014305
-0.010767 -0.015386
-0.009132 -0.016302
-0.007422 -0.017047
-0.005654 -0.017614
-0.003848 -0.018001
-0.002022 -0.018204
-0.000193 -0.018223
0.001619 -0.018061
0.003397 -0.017720
0.005123 -0.017206
0.006781 -0.016526
0.008355 -0.015688
0.009831 -0.014702
0.011193 -0.013579
0.012431 -0.012332
0.013532 -0.010974
0.014487 -0.009521
0.015289 -0.007987
0.015930 -0.006389
0.016406 -0.004743
0.016713 -0.003066
0.016851 -0.001375
0.016820 0.000313
0.016622 0.001980
0.016259 0.003612
0.015739 0.005191
0.015066 0.006703
0.014250 0.008133
0.013301 0.009467
0.012228 0.010694
0.011044 0.011802
0.009761 0.012782
0.008394 0.013624
0.006957 0.014322
0.005465 0.014871
0.003934 0.015266
0.002378 0.015504
0.000814 0.015586
-0.000742 0.015512
-0.002275 0.015284
-0.003771 0.014906
-0.005214 0.014383
-0.006591 0.013721
-0.007888 0.012930
-0.009094 0.012018
-0.010197 0.010995
-0.011188 0.009872
-0.012057 0.008662
-0.012798 0.007379
-0.013403 0.006034
-0.013869 0.004642
-0.014192 0.003218
-0.014370 0.001777
-0.014404 0.000331
-0.014293 -0.001103
-0.014041 -0.002512
-0.013652 -0.003881
-0.013131 -0.005199
-0.012483 -0.006451
-0.011718 -0.007627
-0.010844 -0.008715
-0.009870 -0.009706
-0.008808 -0.010589
-0.007668 -0.011359
-0.006463 -0.012008
-0.005206 -0.012530
-0.003910 -0.012922
-0.002587 -0.013182
-0.001252 -0.013308
0.000082 -0.013300
0.001403 -0.013159
0.002696 -0.012889
0.003949 -0.012492
0.005151 -0.011976
0.006289 -0.011345
0.007354 -0.010607
0.008334 -0.009771
0.009222 -0.008846
0.010009 -0.007842
0.010688 -0.006769
0.011254 -0.005640
0.011702 -0.004466
0.012029 -0.003259
0.012233 -0.002032
0.012313 -0.000796
0.012270 0.000435
0.012104 0.001649
0.011820 0.002835
0.011421 0.003981
0.010911 0.005076
0.010299 0.006109
0.009589 0.007071
0.008791 0.007953
0.007914 0.008747
0.006966 0.009446
0.005958 0.010044
0.004901 0.010536
0.003806 0.010918
0.002683 0.011187
0.001545 0.011343
0.000403 0.011383
-0.000732 0.011310
-0.001848 0.011124
-0.002935 0.010830
-0.003981 0.010431
-0.004978 0.009931
-0.005915 0.009338
-0.006783 0.008658
-0.007576 0.007897
-0.008285 0.007066
-0.008904 0.006173
-0.009429 0.005227
-0.009854 0.004238
-0.010177 0.003217
-0.010395 0.002174
-0.010508 0.001120
-0.010514 0.000065
-0.010416 -0.000980
-0.010215 -0.002005
-0.009914 -0.003000
-0.009517 -0.003955
-0.009030 -0.004861
-0.008457 -0.005709
-0.007806 -0.006492
-0.007083 -0.007203
-0.006297 -0.007835
-0.005456 -0.008383
-0.004569 -0.008841
-0.003645 -0.009207
-0.002694 -0.009477
-0.001726 -0.009651
-0.000750 -0.009726
0.000223 -0.009704
0.001185 -0.009585
0.002125 -0.009372
0.003035 -0.009067
0.003906 -0.008675
0.004728 -0.008201
0.005496 -0.007650
0.006201 -0.007027
0.006837 -0.006341
0.007399 -0.005599
0.007882 -0.004808
0.008281 -0.003978
0.008594 -0.003115
0.008818 -0.002231
0.008951 -0.001333
0.008995 -0.000430
0.008948 0.000468
0.008812 0.001352
0.008590 0.002214
0.008285 0.003045
0.007900 0.003838
0.007440 0.004584
0.006910 0.005277
0.006317 0.005911
0.005667 0.006480
0.004967 0.006978
0.004224 0.007402
0.003447 0.007748
0.002643 0.008014
0.001821 0.008196
0.000988 0.008295
0.000154 0.008311
-0.000673 0.008244
-0.001485 0.008095
-0.002274 0.007867
-0.003033 0.007562
-0.003754 0.007186
-0.004430 0.006741
-0.005056 0.006234
-0.005625 0.005670
-0.006132 0.005055
-0.006573 0.004395
-0.006944 0.003698
-0.007242 0.002972
-0.007465 0.002223
-0.007612 0.001459
-0.007681 0.000688
-0.007673 -0.000082
-0.007588 -0.000843
-0.007429 -0.001588
-0.007197 -0.002310
-0.006896 -0.003002
-0.006529 -0.003658
-0.006101 -0.004270
-0.005616 -0.004833
-0.005080 -0.005343
-0.004499 -0.005794
-0.003878 -0.006184
-0.003225 -0.006507
-0.002547 -0.006763
-0.001850 -0.006948
-0.001141 -0.007063
-0.000428 -0.007106
0.000282 -0.007078
0.000982 -0.006979
0.001666 -0.006812
0.002326 -0.006579
0.002956 -0.006282
0.003551 -0.005926
0.004104 -0.005514
0.004611 -0.005052
0.005067 -0.004543
0.005468 -0.003995
0.005810 -0.003412
0.006091 -0.002801
0.006309 -0.002168
0.006461 -0.001519
0.006548 -0.000862
0.006568 -0.000203
0.006523 0.000451
0.006413 0.001095
0.006241 0.001721
0.006008 0.002324
0.005717 0.002897
0.005372 0.003436
0.004978 0.003936
0.004537 0.004391
0.004056 0.004798
0.003539 0.005153
0.002992 0.005453
0.002420 0.005696
0.001830 0.005880
0.001228 0.006003
0.000619 0.006065
0.000011 0.006066
-0.000592 0.006007
-0.001183 0.005888
-0.001756 0.005712
-0.002306 0.005481
-0.002827 0.005197
-0.003316 0.004865
-0.003766 0.004487
-0.004174 0.004068
-0.004536 0.003613
-0.004850 0.003126
-0.005112 0.002613
-0.005321 0.002080
-0.005475 0.001530
-0.005572 0.000971
-0.005613 0.000408
-0.005598 -0.000154
-0.005527 -0.000708
-0.005401 -0.001250
-0.005223 -0.001774
-0.004995 -0.002275
-0.004719 -0.002749
-0.004399 -0.003190
-0.004039 -0.003596
-0.003641 -0.003961
-0.003211 -0.004283
-0.002754 -0.004560
-0.002274 -0.004788
-0.001775 -0.004966
-0.001264 -0.005093
-0.000746 -0.005168
-0.000225 -0.005190
0.000293 -0.005161
0.000802 -0.005081
0.001299 -0.004950
0.001778 -0.004772
0.002234 -0.004548
0.002664 -0.004281
0.003062 -0.003973
0.003427 -0.003630
0.003753 -0.003253
0.004039 -0.002848
0.004282 -0.002418
0.004479 -0.001969
0.004630 -0.001504
0.004733 -0.001029
0.004789 -0.000549
0.004795 -0.000068
0.004754 0.000409
0.004666 0.000877
0.004533 0.001332
0.004355 0.001769
0.004136 0.002184
0.003878 0.002573
0.003584 0.002933
0.003257 0.003260
0.002901 0.003551
0.002519 0.003804
0.002116 0.004016
0.001696 0.004186
0.001263 0.004313
0.000822 0.004395
0.000378 0.004433
-0.000067 0.004427
-0.000506 0.004376
-0.000935 0.004282
-0.001351 0.004147
-0.001750 0.003971
-0.002127 0.003758
-0.002479 0.003509
-0.002803 0.003228
-0.003096 0.002917
-0.003355 0.002581
-0.003577 0.002222
-0.003763 0.001844
-0.003908 0.001452
-0.004014 0.001049
-0.004078 0.000640
-0.004101 0.000229
-0.004083 -0.000181
-0.004024 -0.000585
-0.003926 -0.000978
-0.003790 -0.001359
-0.003617 -0.001722
-0.003410 -0.002064
-0.003171 -0.002382
-0.002903 -0.002673
-0.002608 -0.002935
-0.002291 -0.003165
-0.001954 -0.003361
-0.001600 -0.003522
-0.001235 -0.003645
-0.000860 -0.003732
-0.000481 -0.003780
-0.000101 -0.003790
0.000277 -0.003762
0.000648 -0.003697
0.001009 -0.003596
0.001356 -0.003460
0.001686 -0.003291
0.001996 -0.003091
0.002283 -0.002862
0.002545 -0.002606
0.002778 -0.002328
0.002982 -0.002028
0.003154 -0.001712
0.003293 -0.001382
0.003397 -0.001041
0.003467 -0.000693
0.003501 -0.000342
0.003500 0.000009
0.003464 0.000357
0.003394 0.000697
0.003291 0.001028
0.003156 0.001344
0.002991 0.001645
0.002798 0.001925
0.002579 0.002184
0.002336 0.002419
0.002073 0.002627
0.001791 0.002806
0.001495 0.002956
0.001186 0.003075
0.000869 0.003163
0.000546 0.003217
0.000221 0.003240
-0.000103 0.003229
-0.000423 0.003187
-0.000735 0.003113
-0.001037 0.003009
-0.001326 0.002876
-0.001598 0.002716
-0.001852 0.002530
-0.002085 0.002321
-0.002295 0.002091
-0.002479 0.001842
-0.002638 0.001577
-0.002768 0.001300
-0.002870 0.001012
-0.002942 0.000717
-0.002983 0.000417
-0.002995 0.000117
-0.002977 -0.000182
-0.002929 -0.000476
-0.002853 -0.000762
-0.002749 -0.001038
-0.002618 -0.001301
-0.002463 -0.001548
-0.002285 -0.001777
-0.002085 -0.001986
-0.001867 -0.002174
-0.001633 -0.002337
-0.001384 -0.002476
-0.001125 -0.002589
-0.000856 -0.002675
-0.000582 -0.002734
-0.000305 -0.002764
-0.000027 -0.002767
0.000248 -0.002742
0.000518 -0.002690
0.000780 -0.002612
0.001032 -0.002508
0.001271 -0.002381
0.001495 -0.002231
0.001701 -0.002060
0.001889 -0.001871
0.002056 -0.001664
0.002201 -0.001444
0.002322 -0.001211
0.002419 -0.000968
0.002491 -0.000718
0.002538 -0.000463
0.002559 -0.000206
0.002554 0.000050
0.002523 0.000303
0.002468 0.000551
0.002389 0.000790
0.002287 0.001020
0.002163 0.001237
0.002018 0.001439
0.001855 0.001625
0.001675 0.001793
0.001480 0.001942
0.001273 0.002070
0.001054 0.002175
0.000828 0.002259
0.000595 0.002318
0.000359 0.002354
0.000122 0.002367
-0.000115 0.002355
-0.000348 0.002320
-0.000575 0.002263
-0.000794 0.002183
-0.001003 0.002082
-0.001199 0.001962
-0.001382 0.001823
-0.001550 0.001668
-0.001700 0.001497
-0.001832 0.001314
-0.001944 0.001119
-0.002036 0.000914
-0.002106 0.000703
-0.002155 0.000487
-0.002182 0.000268
-0.002187 0.000048
-0.002170 -0.000169
-0.002132 -0.000383
-0.002072 -0.000591
-0.001993 -0.000791
-0.001894 -0.000981
-0.001778 -0.001160
-0.001645 -0.001325
-0.001497 -0.001475
-0.001336 -0.001609
-0.001163 -0.001726
-0.000980 -0.001824
-0.000789 -0.001903
-0.000592 -0.001963
-0.000391 -0.002002
-0.000188 -0.002021
0.000014 -0.002019
0.000215 -0.001998
0.000411 -0.001956
0.000601 -0.001896
0.000784 -0.001818
0.000956 -0.001722
0.001118 -0.001609
0.001267 -0.001482
0.001401 -0.001342
0.001521 -0.001189
0.001624 -0.001026
0.001709 -0.000855
0.001777 -0.000677
0.001827 -0.000493
0.001858 -0.000307
0.001870 -0.000119
0.001863 0.000068
0.001838 0.000252
0.001794 0.000432
0.001733 0.000606
0.001656 0.000772
0.001563 0.000929
0.001455 0.001075
0.001334 0.001209
0.001200 0.001329
0.001056 0.001435
0.000903 0.001526
0.000743 0.001600
0.000576 0.001658
0.000406 0.001699
0.000233 0.001722
0.000060 0.001728
-0.000113 0.001717
-0.000282 0.001689
-0.000447 0.001644
-0.000606 0.001583
-0.000757 0.001507
-0.000899 0.001417
-0.001031 0.001314
-0.001151 0.001198
-0.001259 0.001072
-0.001353 0.000936
-0.001432 0.000792
-0.001497 0.000642
-0.001546 0.000487
-0.001579 0.000329
-0.001596 0.000169
-0.001596 0.000008
-0.001581 -0.000150
-0.001551 -0.000306
-0.001505 -0.000457
-0.001444 -0.000602
-0.001370 -0.000739
-0.001283 -0.000868
-0.001184 -0.000987
-0.001074 -0.001095
-0.000955 -0.001190
-0.000827 -0.001273
-0.000692 -0.001343
-0.000552 -0.001398
-0.000408 -0.001439
-0.000261 -0.001465
-0.000113 -0.001477
0.000035 -0.001473
0.000181 -0.001455
0.000324 -0.001423
0.000462 -0.001376
0.000594 -0.001317
0.000719 -0.001245
0.000835 -0.001161
0.000942 -0.001066
0.001039 -0.000962
0.001124 -0.000849
0.001197 -0.000729
0.001258 -0.000603
0.001305 -0.000472
0.001339 -0.000337
0.001359 -0.000201
0.001366 -0.000064
0.001358 0.000072
0.001338 0.000206
0.001304 0.000337
0.001257 0.000463
0.001199 0.000584
0.001129 0.000697
0.001048 0.000802
0.000958 0.000898
0.000860 0.000985
0.000753 0.001060
0.000640 0.001124
0.000522 0.001177
0.000400 0.001217
0.000275 0.001245
0.000149 0.001260
0.000022 0.001262
-0.000103 0.001252
-0.000227 0.001229
-0.000346 0.001194
-0.000462 0.001148
-0.000571 0.001090
-0.000674 0.001023
-0.000768 0.000946
-0.000855 0.000860
-0.000932 0.000767
-0.000999 0.000666
-0.001055 0.000561
-0.001100 0.000450
-0.001134 0.000336
-0.001156 0.000220
-0.001166 0.000103
-0.001165 -0.000013
-0.001152 -0.000129
-0.001128 -0.000242
-0.001092 -0.000352
-0.001047 -0.000457
-0.000991 -0.000556
-0.000926 -0.000649
-0.000852 -0.000735
-0.000771 -0.000812
-0.000682 -0.000880
-0.000588 -0.000939
-0.000489 -0.000988
-0.000386 -0.001027
-0.000280 -0.001055
-0.000172 -0.001073
-0.000064 -0.001079
0.000044 -0.001075
0.000150 -0.001060
0.000254 -0.001034
0.000354 -0.000999
0.000450 -0.000953
0.000540 -0.000899
0.000624 -0.000837
0.000701 -0.000766
0.000770 -0.000689
0.000831 -0.000606
0.000883 -0.000517
0.000925 -0.000424
0.000958 -0.000328
0.000981 -0.000230
0.000994 -0.000130
0.000997 -0.000030
0.000990 0.000069
0.000974 0.000167
0.000947 0.000262
0.000912 0.000354
0.000868 0.000441
0.000815 0.000522
0.000755 0.000598
0.000688 0.000667
0.000615 0.000729
0.000537 0.000783
0.000453 0.000828
0.000367 0.000865
0.000277 0.000893
0.000186 0.000912
0.000093 0.000921
0.000001 0.000921
-0.000091 0.000912
-0.000180 0.000894
-0.000267 0.000867
-0.000351 0.000832
-0.000430 0.000789
-0.000504 0.000738
-0.000572 0.000681
-0.000634 0.000617
-0.000689 0.000548
-0.000737 0.000474
-0.000777 0.000396
-0.000808 0.000315
-0.000831 0.000232
-0.000846 0.000147
-0.000852 0.000061
-0.000850 -0.000024
-0.000839 -0.000108
-0.000820 -0.000191
-0.000793 -0.000270
-0.000758 -0.000346
-0.000716 -0.000418
-0.000668 -0.000485
-0.000613 -0.000546
-0.000552 -0.000602
-0.000487 -0.000651
-0.000418 -0.000693
-0.000345 -0.000727
-0.000269 -0.000754
-0.000191 -0.000773
-0.000113 -0.000785
-0.000033 -0.000788
0.000045 -0.000784
0.000123 -0.000771
0.000198 -0.000751
0.000271 -0.000724
0.000340 -0.000690
0.000405 -0.000650
0.000466 -0.000603
0.000521 -0.000551
0.000570 -0.000493
0.000614 -0.000432
0.000650 -0.000367
0.000680 -0.000298
0.000703 -0.000228
0.000719 -0.000156
0.000727 -0.000083
0.000728 -0.000010
0.000722 0.000063
0.000708 0.000134
0.000688 0.000203
0.000661 0.000269
0.000628 0.000332
0.000588 0.000391
0.000544 0.000446
0.000494 0.000495
0.000440 0.000539
0.000382 0.000578
0.000321 0.000610
0.000257 0.000636
0.000191 0.000655
0.000124 0.000667
0.000057 0.000673
-0.000011 0.000672
-0.000077 0.000664
-0.000143 0.000650
-0.000206 0.000629
-0.000266 0.000603
-0.000323 0.000570
-0.000377 0.000532
-0.000426 0.000490
-0.000470 0.000443
-0.000510 0.000391
-0.000543 0.000337
-0.000572 0.000280
-0.000594 0.000220
-0.000610 0.000159
-0.000619 0.000097
-0.000623 0.000034
-0.000620 -0.000028
-0.000611 -0.000089
-0.000596 -0.000149
-0.000575 -0.000207
-0.000549 -0.000262
-0.000517 -0.000314
-0.000481 -0.000362
-0.000440 -0.000406
-0.000396 -0.000446
-0.000347 -0.000481
-0.000296 -0.000511
-0.000242 -0.000535
-0.000187 -0.000554
-0.000130 -0.000567
-0.000073 -0.000574
-0.000015 -0.000575
0.000043 -0.000571
0.000099 -0.000561
0.000154 -0.000546
0.000206 -0.000525
0.000256 -0.000499
0.000304 -0.000469
0.000347 -0.000434
0.000387 -0.000395
0.000422 -0.000353
0.000453 -0.000308
0.000479 -0.000260
0.000500 -0.000209
0.000516 -0.000158
0.000526 -0.000105
0.000532 -0.000051
0.000531 0.000002
0.000526 0.000055
0.000515 0.000106
0.000500 0.000156
0.000479 0.000205
0.000454 0.000250
0.000425 0.000293
0.000391 0.000332
0.000354 0.000368
0.000314 0.000399
0.000272 0.000426
0.000227 0.000449
0.000180 0.000467
0.000131 0.000480
0.000082 0.000489
0.000033 0.000492
-0.000016 0.000490
-0.000065 0.000484
-0.000112 0.000473
-0.000158 0.000457
-0.000202 0.000437
-0.000243 0.000412
-0.000282 0.000384
-0.000317 0.000352
-0.000349 0.000317
-0.000377 0.000279
-0.000401 0.000239
-0.000420 0.000197
-0.000436 0.000153
-0.000447 0.000108
-0.000453 0.000063
-0.000455 0.000017
-0.000452 -0.000028
-0.000445 -0.000073
-0.000433 -0.000116
-0.000417 -0.000158
-0.000397 -0.000198
-0.000374 -0.000235
-0.000347 -0.000270
-0.000316 -0.000302
-0.000283 -0.000330
-0.000248 -0.000355
-0.000210 -0.000376
-0.000170 -0.000393
-0.000130 -0.000406
-0.000088 -0.000415
-0.000046 -0.000420
-0.000004 -0.000420
0.000038 -0.000416
0.000079 -0.000408
0.000119 -0.000396
0.000157 -0.000381
0.000193 -0.000361
0.000227 -0.000339
0.000259 -0.000313
0.000287 -0.000284
0.000312 -0.000252
0.000334 -0.000219
0.000353 -0.000183
0.000367 -0.000147
0.000378 -0.000109
0.000385 -0.000070
0.000389 -0.000031
